artifact_id,domain,subtype,source_url,title,measurement_mode,outcome_known,control,expected_disagreement_surface,notes,repo,language,lines_changed,size_label,outcome,purpose,review_depth,diff_content_type,revert_reason,organization,artifact_kind,timeline_available,remediation_available,rater_profile
prometheus_prometheus_PR19500,pr_review,Breaking API change caught in review,https://github.com/prometheus/prometheus/pull/19500,mixin: add remote write send-batch latency panel,ground_truth,yes,no,true,,prometheus/prometheus,Go,33,S,Breaking API change caught in review,Bugfix,Low,Source code,mixin: add remote write send-batch latency panel,,,,,
kubernetes_kubernetes_PR140886,pr_review,Breaking API change caught in review,https://github.com/kubernetes/kubernetes/pull/140886,"Revert ""DRA ResourceClaim controller: updated mutation cache based on events""",ground_truth,yes,no,true,,kubernetes/kubernetes,Go,79,S,Breaking API change caught in review,Bugfix,Low,Source code,"Revert ""DRA ResourceClaim controller: updated mutation cache based on events""",,,,,
prometheus_prometheus_PR19450,pr_review,Breaking API change caught in review,https://github.com/prometheus/prometheus/pull/19450,tsdb: fix in-order chunk ID overflow via modular wrapping,ground_truth,yes,no,true,,prometheus/prometheus,Go,278,M,Breaking API change caught in review,Bugfix,Low,Source code,tsdb: fix in-order chunk ID overflow via modular wrapping,,,,,
kubernetes_kubernetes_PR141063,pr_review,Breaking API change caught in review,https://github.com/kubernetes/kubernetes/pull/141063,Pin github.com/google/cel-go to v0.29.2 in unwanted-dependencies.json,ground_truth,yes,no,true,,kubernetes/kubernetes,Go,4,XS,Breaking API change caught in review,Bugfix,Low,Source code,Pin github.com/google/cel-go to v0.29.2 in unwanted-dependencies.json,,,,,
kubernetes_kubernetes_PR140871,pr_review,Clean merge,https://github.com/kubernetes/kubernetes/pull/140871,Pass clear pod group cycle state in podgroup preemption,ground_truth,no,yes,false,,kubernetes/kubernetes,Go,208,M,Clean merge,Bugfix,Low,Source code,Pass clear pod group cycle state in podgroup preemption,,,,,
kubernetes_kubernetes_PR141209,pr_review,Clean merge,https://github.com/kubernetes/kubernetes/pull/141209,disable PodLevelResourceManagers by default since there are critical …,ground_truth,no,yes,false,,kubernetes/kubernetes,Go,6,XS,Clean merge,Bugfix,Medium,Source code,disable PodLevelResourceManagers by default since there are critical …,,,,,
kubernetes_kubernetes_PR140959,pr_review,Clean merge,https://github.com/kubernetes/kubernetes/pull/140959,fix: change the SchedulerPreQueueingHints feature from beta to alpha ,ground_truth,no,yes,false,,kubernetes/kubernetes,Go,8,XS,Clean merge,Bugfix,Medium,Source code,fix: change the SchedulerPreQueueingHints feature from beta to alpha ,,,,,
prometheus_prometheus_PR19492,pr_review,Clean merge,https://github.com/prometheus/prometheus/pull/19492,ci: derive the oldest supported Go version dynamically,ground_truth,no,yes,false,,prometheus/prometheus,Go,64,S,Clean merge,Bugfix,Low,Source code,ci: derive the oldest supported Go version dynamically,,,,,
prometheus_prometheus_PR19446,pr_review,Clean merge,https://github.com/prometheus/prometheus/pull/19446,Only call StartTimestamp() in NH conversion if needed,ground_truth,no,yes,false,,prometheus/prometheus,Go,52,S,Clean merge,Bugfix,Low,Source code,Only call StartTimestamp() in NH conversion if needed,,,,,
prometheus_prometheus_PR19504,pr_review,Closed-by-author-after-review,https://github.com/prometheus/prometheus/pull/19504,discovery/aws: build RDS cluster labels once per cluster,ground_truth,yes,no,true,,prometheus/prometheus,Go,754,L,Closed-by-author-after-review,Bugfix,Low,Source code,discovery/aws: build RDS cluster labels once per cluster,,,,,
kubernetes_kubernetes_PR141075,pr_review,Closed-by-author-after-review,https://github.com/kubernetes/kubernetes/pull/141075,Add blank lines around long CSILimits field for stable gofmt output,ground_truth,yes,no,true,,kubernetes/kubernetes,Go,4,XS,Closed-by-author-after-review,Bugfix,Low,Source code,Add blank lines around long CSILimits field for stable gofmt output,,,,,
kubernetes_kubernetes_PR140916,pr_review,Closed-by-author-after-review,https://github.com/kubernetes/kubernetes/pull/140916,Add back `admissioninitializer.WantsAuthorizer` for v1.37,ground_truth,yes,no,true,,kubernetes/kubernetes,Go,81,S,Closed-by-author-after-review,Bugfix,Medium,Source code,Add back `admissioninitializer.WantsAuthorizer` for v1.37,,,,,
kubernetes_kubernetes_PR141273,pr_review,Closed-by-author-after-review,https://github.com/kubernetes/kubernetes/pull/141273,"Add release-1.37 publishing bot rules, drop release-1.33",ground_truth,yes,no,true,,kubernetes/kubernetes,Go,980,L,Closed-by-author-after-review,Bugfix,Low,Source code,"Add release-1.37 publishing bot rules, drop release-1.33",,,,,
prometheus_prometheus_PR19454,pr_review,Closed-by-author-after-review,https://github.com/prometheus/prometheus/pull/19454,PromQL: Do not register start timestamp reset if ST hasn't changed,ground_truth,yes,no,true,,prometheus/prometheus,Go,10,S,Closed-by-author-after-review,Bugfix,Low,Source code,PromQL: Do not register start timestamp reset if ST hasn't changed,,,,,
kubernetes_kubernetes_PR141131,pr_review,Merged-then-fixed,https://github.com/kubernetes/kubernetes/pull/141131,make test: collect coverage only for the main workspace,ground_truth,yes,no,true,,kubernetes/kubernetes,Go,8,XS,Merged-then-fixed,Bugfix,Medium,Source code,make test: collect coverage only for the main workspace,,,,,
kubernetes_kubernetes_PR141034,pr_review,Merged-then-fixed,https://github.com/kubernetes/kubernetes/pull/141034,Update gcb-docker-gcloud to v20260729-0b834bafc6,ground_truth,yes,no,true,,kubernetes/kubernetes,Go,6,XS,Merged-then-fixed,Bugfix,Medium,Source code,Update gcb-docker-gcloud to v20260729-0b834bafc6,,,,,
kubernetes_kubernetes_PR140921,pr_review,Merged-then-fixed,https://github.com/kubernetes/kubernetes/pull/140921,e2e/auth: use FQDN for mTLS client fetch URL,ground_truth,yes,no,true,,kubernetes/kubernetes,Go,38,S,Merged-then-fixed,Bugfix,Medium,Source code,e2e/auth: use FQDN for mTLS client fetch URL,,,,,
prometheus_prometheus_PR19513,pr_review,Merged-then-fixed,https://github.com/prometheus/prometheus/pull/19513,[storage/remote] Group `TestSampledReadEndpoint` test cases,ground_truth,yes,no,true,,prometheus/prometheus,Go,278,M,Merged-then-fixed,Bugfix,Low,Source code,[storage/remote] Group `TestSampledReadEndpoint` test cases,,,,,
prometheus_prometheus_PR19477,pr_review,Merged-then-fixed,https://github.com/prometheus/prometheus/pull/19477,chore(deps): update github/codeql-action action to v4.37.7,ground_truth,yes,no,true,,prometheus/prometheus,Go,8,XS,Merged-then-fixed,Bugfix,Low,Source code,chore(deps): update github/codeql-action action to v4.37.7,,,,,
kubernetes_kubernetes_PR141336,pr_review,Merged-then-fixed,https://github.com/kubernetes/kubernetes/pull/141336,scheduler: fix TestPreQueueingHint_Metrics race on metric flush,ground_truth,yes,no,true,,kubernetes/kubernetes,Go,16,S,Merged-then-fixed,Bugfix,Medium,Source code,scheduler: fix TestPreQueueingHint_Metrics race on metric flush,,,,,
kubernetes_kubernetes_PR141104,pr_review,Merged-then-flaky-tests,https://github.com/kubernetes/kubernetes/pull/141104,resourceclaim: copy template annotations before creating claims,ground_truth,yes,no,true,,kubernetes/kubernetes,Go,75,S,Merged-then-flaky-tests,Bugfix,Medium,Source code,resourceclaim: copy template annotations before creating claims,,,,,
kubernetes_kubernetes_PR140919,pr_review,Merged-then-flaky-tests,https://github.com/kubernetes/kubernetes/pull/140919,[release-1.34]  Fix gomock errors and Bump to go 1.26.5,ground_truth,yes,no,true,,kubernetes/kubernetes,Go,107,M,Merged-then-flaky-tests,Bugfix,Low,Source code,[release-1.34]  Fix gomock errors and Bump to go 1.26.5,,,,,
kubernetes_kubernetes_PR141004,pr_review,Merged-then-flaky-tests,https://github.com/kubernetes/kubernetes/pull/141004,[1.36] Automated cherry pick of #140387: Always set UpdatePodResources when a starting container is resized,ground_truth,yes,no,true,,kubernetes/kubernetes,Go,339,M,Merged-then-flaky-tests,Bugfix,Low,Source code,[1.36] Automated cherry pick of #140387: Always set UpdatePodResources when a starting container is resized,,,,,
kubernetes_kubernetes_PR141296,pr_review,Merged-then-flaky-tests,https://github.com/kubernetes/kubernetes/pull/141296,Fix windows backslash escaping,ground_truth,yes,no,true,,kubernetes/kubernetes,Go,189,M,Merged-then-flaky-tests,Bugfix,Low,Source code,Fix windows backslash escaping,,,,,
prometheus_prometheus_PR19461,pr_review,Merged-then-flaky-tests,https://github.com/prometheus/prometheus/pull/19461,tsdb: stabilize the XOR2 float chunk encoding,ground_truth,yes,no,true,,prometheus/prometheus,Go,244,M,Merged-then-flaky-tests,Bugfix,Low,Source code,tsdb: stabilize the XOR2 float chunk encoding,,,,,
prometheus_prometheus_PR19511,pr_review,Merged-then-flaky-tests,https://github.com/prometheus/prometheus/pull/19511,config: make log level reloadable,ground_truth,yes,no,true,,prometheus/prometheus,Go,162,M,Merged-then-flaky-tests,Bugfix,Low,Source code,config: make log level reloadable,,,,,
kubernetes_kubernetes_PR141048,pr_review,Merged-then-hotfixed,https://github.com/kubernetes/kubernetes/pull/141048,test/integration: split PodGroup preemption tests into own package,ground_truth,yes,no,true,,kubernetes/kubernetes,Go,29,S,Merged-then-hotfixed,Bugfix,Medium,Source code,test/integration: split PodGroup preemption tests into own package,,,,,
kubernetes_kubernetes_PR141146,pr_review,Merged-then-hotfixed,https://github.com/kubernetes/kubernetes/pull/141146,node e2e: fix the memory PSI test for new kernels and remove the CRI-O skip,ground_truth,yes,no,true,,kubernetes/kubernetes,Go,78,S,Merged-then-hotfixed,Bugfix,Medium,Source code,node e2e: fix the memory PSI test for new kernels and remove the CRI-O skip,,,,,
kubernetes_kubernetes_PR141440,pr_review,Merged-then-hotfixed,https://github.com/kubernetes/kubernetes/pull/141440,Wait for podcertificate server and client deployment,ground_truth,yes,no,true,,kubernetes/kubernetes,Go,7,XS,Merged-then-hotfixed,Bugfix,Low,Source code,Wait for podcertificate server and client deployment,,,,,
kubernetes_kubernetes_PR140931,pr_review,Merged-then-hotfixed,https://github.com/kubernetes/kubernetes/pull/140931,apidiff: ignore adding entirely new API groups,ground_truth,yes,no,true,,kubernetes/kubernetes,Go,9,XS,Merged-then-hotfixed,Bugfix,Medium,Source code,apidiff: ignore adding entirely new API groups,,,,,
kubernetes_kubernetes_PR140860,pr_review,Merged-then-hotfixed,https://github.com/kubernetes/kubernetes/pull/140860,Add storage_to_cache stage to watch dispatch metric,ground_truth,yes,no,true,,kubernetes/kubernetes,Go,22,S,Merged-then-hotfixed,Bugfix,Low,Source code,Add storage_to_cache stage to watch dispatch metric,,,,,
prometheus_prometheus_PR19443,pr_review,Merged-then-hotfixed,https://github.com/prometheus/prometheus/pull/19443,merge release-3.14 into main,ground_truth,yes,no,true,,prometheus/prometheus,Go,57,S,Merged-then-hotfixed,Bugfix,Low,Source code,merge release-3.14 into main,,,,,
prometheus_prometheus_PR19481,pr_review,Merged-then-hotfixed,https://github.com/prometheus/prometheus/pull/19481,fix(deps): update module google.golang.org/protobuf to v1.36.12,ground_truth,yes,no,true,,prometheus/prometheus,Go,6,XS,Merged-then-hotfixed,Bugfix,Low,Source code,fix(deps): update module google.golang.org/protobuf to v1.36.12,,,,,
prometheus_prometheus_PR19465,pr_review,Merged-then-perf-regression,https://github.com/prometheus/prometheus/pull/19465,ci: run the oldest Go tests on 1.26,ground_truth,yes,no,true,,prometheus/prometheus,Go,5,XS,Merged-then-perf-regression,Bugfix,Low,Source code,ci: run the oldest Go tests on 1.26,,,,,
kubernetes_kubernetes_PR141105,pr_review,Merged-then-perf-regression,https://github.com/kubernetes/kubernetes/pull/141105,kubeletplugin: preserve Unix socket cleanup errors,ground_truth,yes,no,true,,kubernetes/kubernetes,Go,56,S,Merged-then-perf-regression,Bugfix,Low,Source code,kubeletplugin: preserve Unix socket cleanup errors,,,,,
kubernetes_kubernetes_PR140920,pr_review,Merged-then-perf-regression,https://github.com/kubernetes/kubernetes/pull/140920,[release-1.35] Bump to go 1.26.5,ground_truth,yes,no,true,,kubernetes/kubernetes,Go,22,S,Merged-then-perf-regression,Bugfix,Low,Source code,[release-1.35] Bump to go 1.26.5,,,,,
kubernetes_kubernetes_PR141324,pr_review,Merged-then-perf-regression,https://github.com/kubernetes/kubernetes/pull/141324,Include minCompatibilityVersion info in featuregates yaml,ground_truth,yes,no,true,,kubernetes/kubernetes,Go,31,S,Merged-then-perf-regression,Bugfix,Low,Source code,Include minCompatibilityVersion info in featuregates yaml,,,,,
kubernetes_kubernetes_PR141012,pr_review,Merged-then-perf-regression,https://github.com/kubernetes/kubernetes/pull/141012,Sync supported service account token algorithms to test image,ground_truth,yes,no,true,,kubernetes/kubernetes,Go,33,S,Merged-then-perf-regression,Bugfix,Medium,Source code,Sync supported service account token algorithms to test image,,,,,
prometheus_prometheus_PR19512,pr_review,Merged-then-perf-regression,https://github.com/prometheus/prometheus/pull/19512,discovery/aws: don't panic on EC2 instances with absent optional fields,ground_truth,yes,no,true,,prometheus/prometheus,Go,352,M,Merged-then-perf-regression,Bugfix,Low,Source code,discovery/aws: don't panic on EC2 instances with absent optional fields,,,,,
prometheus_prometheus_PR19483,pr_review,Merged-then-reverted,https://github.com/prometheus/prometheus/pull/19483,chore(deps): update dependency go to 1.27.x,ground_truth,yes,no,true,,prometheus/prometheus,Go,2,XS,Merged-then-reverted,Bugfix,Low,Source code,chore(deps): update dependency go to 1.27.x,,,,,
kubernetes_kubernetes_PR141554,pr_review,Merged-then-reverted,https://github.com/kubernetes/kubernetes/pull/141554,conformance: demote guaranteed pod resize tests to e2e,ground_truth,yes,no,true,,kubernetes/kubernetes,Go,50,S,Merged-then-reverted,Bugfix,Medium,Source code,conformance: demote guaranteed pod resize tests to e2e,,,,,
kubernetes_kubernetes_PR140955,pr_review,Merged-then-reverted,https://github.com/kubernetes/kubernetes/pull/140955,Automated cherry pick of #140274: kubelet/dra: reset devices before processing gRPC response,ground_truth,yes,no,true,,kubernetes/kubernetes,Go,54,S,Merged-then-reverted,Bugfix,Low,Source code,Automated cherry pick of #140274: kubelet/dra: reset devices before processing gRPC response,,,,,
kubernetes_kubernetes_PR140866,pr_review,Merged-then-reverted,https://github.com/kubernetes/kubernetes/pull/140866,bump network policies to latest stable,ground_truth,yes,no,true,,kubernetes/kubernetes,Go,2,XS,Merged-then-reverted,Bugfix,Low,Source code,bump network policies to latest stable,,,,,
kubernetes_kubernetes_PR141194,pr_review,Merged-then-reverted,https://github.com/kubernetes/kubernetes/pull/141194,test(events): log event details on TestEventCompatibility failure,ground_truth,yes,no,true,,kubernetes/kubernetes,Go,12,S,Merged-then-reverted,Bugfix,Low,Source code,test(events): log event details on TestEventCompatibility failure,,,,,
prometheus_prometheus_PR19444,pr_review,Merged-then-reverted,https://github.com/prometheus/prometheus/pull/19444,Fix label mismatches in HA group alerts,ground_truth,yes,no,true,,prometheus/prometheus,Go,10,S,Merged-then-reverted,Bugfix,Low,Source code,Fix label mismatches in HA group alerts,,,,,
kubernetes_kubernetes_PR141049,pr_review,Merged-then-reverted,https://github.com/kubernetes/kubernetes/pull/141049,Upgrade COS image family to cos-129-lts (containerd v2.2),ground_truth,yes,no,true,,kubernetes/kubernetes,Go,8,XS,Merged-then-reverted,Bugfix,Low,Source code,Upgrade COS image family to cos-129-lts (containerd v2.2),,,,,
golang_go_PR54390,pr_review,Merged-then-security-advisory,https://github.com/golang/go/pull/54390,net/url: strip relative path components for JoinPath,ground_truth,yes,no,true,,golang/go,Go,0,XS,Merged-then-security-advisory,Bugfix,Low,Source code,net/url: strip relative path components for JoinPath,,,,,
kubernetes_kubernetes_PR141042,pr_review,Merged-then-security-advisory,https://github.com/kubernetes/kubernetes/pull/141042,"test/images: bump agnhost to 2.66.1, nginx and glibc-dns-testing",ground_truth,yes,no,true,,kubernetes/kubernetes,Go,62,S,Merged-then-security-advisory,Bugfix,Medium,Source code,"test/images: bump agnhost to 2.66.1, nginx and glibc-dns-testing",,,,,
kubernetes_kubernetes_PR141145,pr_review,Merged-then-security-advisory,https://github.com/kubernetes/kubernetes/pull/141145,golang-client: metrics: Register: Fix incorrect assignment,ground_truth,yes,no,true,,kubernetes/kubernetes,Go,2,XS,Merged-then-security-advisory,Bugfix,Medium,Source code,golang-client: metrics: Register: Fix incorrect assignment,,,,,
prometheus_prometheus_PR19479,pr_review,Merged-then-security-advisory,https://github.com/prometheus/prometheus/pull/19479,fix(deps): update aws go dependencies,ground_truth,yes,no,true,,prometheus/prometheus,Go,120,M,Merged-then-security-advisory,Bugfix,Low,Source code,fix(deps): update aws go dependencies,,,,,
kubernetes_kubernetes_PR140925,pr_review,Merged-then-security-advisory,https://github.com/kubernetes/kubernetes/pull/140925,Fix flaky TestValidateEvictionStatusUpdate/mark_active_and_started,ground_truth,yes,no,true,,kubernetes/kubernetes,Go,2,XS,Merged-then-security-advisory,Bugfix,Medium,Source code,Fix flaky TestValidateEvictionStatusUpdate/mark_active_and_started,,,,,
kubernetes_kubernetes_PR141363,pr_review,Merged-then-security-advisory,https://github.com/kubernetes/kubernetes/pull/141363,upgrade .go-version to 1.26.6,ground_truth,yes,no,true,,kubernetes/kubernetes,Go,2,XS,Merged-then-security-advisory,Bugfix,Low,Source code,upgrade .go-version to 1.26.6,,,,,
prometheus_prometheus_PR19453,pr_review,Race condition caught in review,https://github.com/prometheus/prometheus/pull/19453,promql: fix typo in preprocessExprHelper comment,ground_truth,yes,no,true,,prometheus/prometheus,Go,2,XS,Race condition caught in review,Bugfix,Low,Source code,promql: fix typo in preprocessExprHelper comment,,,,,
kubernetes_kubernetes_PR140892,pr_review,Race condition caught in review,https://github.com/kubernetes/kubernetes/pull/140892,kubelet: handle default HostUsers in default pod sysctls,ground_truth,yes,no,true,,kubernetes/kubernetes,Go,57,S,Race condition caught in review,Bugfix,Medium,Source code,kubelet: handle default HostUsers in default pod sysctls,,,,,
kubernetes_kubernetes_PR141066,pr_review,Race condition caught in review,https://github.com/kubernetes/kubernetes/pull/141066,Fix unit test compile failure under the fieldsv1string build tag,ground_truth,yes,no,true,,kubernetes/kubernetes,Go,2,XS,Race condition caught in review,Bugfix,Low,Source code,Fix unit test compile failure under the fieldsv1string build tag,,,,,
prometheus_prometheus_PR19503,pr_review,Race condition caught in review,https://github.com/prometheus/prometheus/pull/19503,perf(storage/remote): avoid cloning labels without external labels,ground_truth,yes,no,true,,prometheus/prometheus,Go,113,M,Race condition caught in review,Bugfix,Low,Source code,perf(storage/remote): avoid cloning labels without external labels,,,,,
kubernetes_kubernetes_PR140882,pr_review,Refactoring that introduced regression,https://github.com/kubernetes/kubernetes/pull/140882,kubelet: detach probe workers from the pod sync context,ground_truth,yes,no,true,,kubernetes/kubernetes,Go,69,S,Refactoring that introduced regression,Bugfix,Medium,Source code,kubelet: detach probe workers from the pod sync context,,,,,
prometheus_prometheus_PR19497,pr_review,Refactoring that introduced regression,https://github.com/prometheus/prometheus/pull/19497,chore: Update go to 1.27,ground_truth,yes,no,true,,prometheus/prometheus,Go,719,L,Refactoring that introduced regression,Bugfix,Low,Source code,chore: Update go to 1.27,,,,,
kubernetes_kubernetes_PR140960,pr_review,Refactoring that introduced regression,https://github.com/kubernetes/kubernetes/pull/140960,Fix single-endpoint DNAT rule,ground_truth,yes,no,true,,kubernetes/kubernetes,Go,490,M,Refactoring that introduced regression,Bugfix,Medium,Source code,Fix single-endpoint DNAT rule,,,,,
kubernetes_kubernetes_PR141062,pr_review,Refactoring that introduced regression,https://github.com/kubernetes/kubernetes/pull/141062,Wait for pending state to clear before triggering 2nd unmount,ground_truth,yes,no,true,,kubernetes/kubernetes,Go,16,S,Refactoring that introduced regression,Bugfix,Medium,Source code,Wait for pending state to clear before triggering 2nd unmount,,,,,
prometheus_prometheus_PR19447,pr_review,Refactoring that introduced regression,https://github.com/prometheus/prometheus/pull/19447,ci: run slicelabels tests over cmd/promtool,ground_truth,yes,no,true,,prometheus/prometheus,Go,2,XS,Refactoring that introduced regression,Bugfix,Low,Source code,ci: run slicelabels tests over cmd/promtool,,,,,
kubernetes_kubernetes_PR141292,pr_review,Rejected/closed-without-merge,https://github.com/kubernetes/kubernetes/pull/141292,test/e2e/apps: Add missing wait for pods readiness in sts test,ground_truth,yes,no,true,,kubernetes/kubernetes,Go,5,XS,Rejected/closed-without-merge,Bugfix,Medium,Source code,test/e2e/apps: Add missing wait for pods readiness in sts test,,,,,
kubernetes_kubernetes_PR141082,pr_review,Rejected/closed-without-merge,https://github.com/kubernetes/kubernetes/pull/141082,cluster/gce: pick exactly one image when the family lists multiple,ground_truth,yes,no,true,,kubernetes/kubernetes,Go,6,XS,Rejected/closed-without-merge,Bugfix,Low,Source code,cluster/gce: pick exactly one image when the family lists multiple,,,,,
prometheus_prometheus_PR19506,pr_review,Rejected/closed-without-merge,https://github.com/prometheus/prometheus/pull/19506,discovery/aws: describe RDS instances concurrently,ground_truth,yes,no,true,,prometheus/prometheus,Go,888,L,Rejected/closed-without-merge,Bugfix,Low,Source code,discovery/aws: describe RDS instances concurrently,,,,,
kubernetes_kubernetes_PR140917,pr_review,Rejected/closed-without-merge,https://github.com/kubernetes/kubernetes/pull/140917,"test/images: bump agnhost, nginx, nginx-new, glibc-dns-testing for bu…",ground_truth,yes,no,true,,kubernetes/kubernetes,Go,32,S,Rejected/closed-without-merge,Bugfix,Medium,Source code,"test/images: bump agnhost, nginx, nginx-new, glibc-dns-testing for bu…",,,,,
prometheus_prometheus_PR19458,pr_review,Rejected/closed-without-merge,https://github.com/prometheus/prometheus/pull/19458,Fix BenchmarkParsePromText for expfmt-promtext,ground_truth,yes,no,true,,prometheus/prometheus,Go,2,XS,Rejected/closed-without-merge,Bugfix,Low,Source code,Fix BenchmarkParsePromText for expfmt-promtext,,,,,
etcd-io_etcd_PR22202,pr_review,Breaking API change caught in review,https://github.com/etcd-io/etcd/pull/22202,Update 3.7 changelog to cover the MinimalEtcdVersion change,ground_truth,yes,no,true,,etcd-io/etcd,Go,4,XS,Breaking API change caught in review,Bugfix,Low,Source code,Update 3.7 changelog to cover the MinimalEtcdVersion change,,,,,
etcd-io_etcd_PR22200,pr_review,Clean merge,https://github.com/etcd-io/etcd/pull/22200,[release-3.5] dependency: bump go.opentelemetry.io/otel to v1.44.0,ground_truth,no,yes,false,,etcd-io/etcd,Go,90,S,Clean merge,Bugfix,Low,Source code,[release-3.5] dependency: bump go.opentelemetry.io/otel to v1.44.0,,,,,
etcd-io_etcd_PR22210,pr_review,Closed-by-author-after-review,https://github.com/etcd-io/etcd/pull/22210,Dep bump 2026 07 27,ground_truth,yes,no,true,,etcd-io/etcd,Go,207,M,Closed-by-author-after-review,Bugfix,Low,Source code,Dep bump 2026 07 27,,,,,
etcd-io_etcd_PR22186,pr_review,Merged-then-fixed,https://github.com/etcd-io/etcd/pull/22186,"Update CHANGELOG for 3.7.1, 3.6.14, and 3.5.33 release dates",ground_truth,yes,no,true,,etcd-io/etcd,Go,31,S,Merged-then-fixed,Bugfix,Low,Source code,"Update CHANGELOG for 3.7.1, 3.6.14, and 3.5.33 release dates",,,,,
etcd-io_etcd_PR22178,pr_review,Merged-then-flaky-tests,https://github.com/etcd-io/etcd/pull/22178,build(deps): bump distroless/static-debian12 from `61b7cce` to `a9fcaed`,ground_truth,yes,no,true,,etcd-io/etcd,Go,2,XS,Merged-then-flaky-tests,Deps,Low,Source code,build(deps): bump distroless/static-debian12 from `61b7cce` to `a9fcaed`,,,,,
etcd-io_etcd_PR22198,pr_review,Merged-then-hotfixed,https://github.com/etcd-io/etcd/pull/22198,[release-3.7] dependency: bump go.opentelemetry.io/otel to v1.44.0,ground_truth,yes,no,true,,etcd-io/etcd,Go,154,M,Merged-then-hotfixed,Bugfix,Low,Source code,[release-3.7] dependency: bump go.opentelemetry.io/otel to v1.44.0,,,,,
etcd-io_etcd_PR22183,pr_review,Merged-then-perf-regression,https://github.com/etcd-io/etcd/pull/22183,build(deps): bump docker/login-action from 4.4.0 to 4.5.0,ground_truth,yes,no,true,,etcd-io/etcd,Go,2,XS,Merged-then-perf-regression,Deps,Low,Source code,build(deps): bump docker/login-action from 4.4.0 to 4.5.0,,,,,
etcd-io_etcd_PR22199,pr_review,Merged-then-reverted,https://github.com/etcd-io/etcd/pull/22199,[release-3.6] dependency: bump go.opentelemetry.io/otel to v1.44.0,ground_truth,yes,no,true,,etcd-io/etcd,Go,72,S,Merged-then-reverted,Bugfix,Low,Source code,[release-3.6] dependency: bump go.opentelemetry.io/otel to v1.44.0,,,,,
etcd-io_etcd_PR22187,pr_review,Merged-then-security-advisory,https://github.com/etcd-io/etcd/pull/22187,Add bbolt subcommand to etcdutl,ground_truth,yes,no,true,,etcd-io/etcd,Go,67,S,Merged-then-security-advisory,Bugfix,Medium,Source code,Add bbolt subcommand to etcdutl,,,,,
etcd-io_etcd_PR22208,pr_review,Race condition caught in review,https://github.com/etcd-io/etcd/pull/22208,etcdctl: remove duplicate RaftTerm in endpoint status fields output,ground_truth,yes,no,true,,etcd-io/etcd,Go,1,XS,Race condition caught in review,Bugfix,Medium,Source code,etcdctl: remove duplicate RaftTerm in endpoint status fields output,,,,,
etcd-io_etcd_PR22201,pr_review,Refactoring that introduced regression,https://github.com/etcd-io/etcd/pull/22201,[release-3.7] Update MinimalEtcdVersion to read latest snapshot entry from WAL,ground_truth,yes,no,true,,etcd-io/etcd,Go,100,M,Refactoring that introduced regression,Bugfix,Low,Source code,[release-3.7] Update MinimalEtcdVersion to read latest snapshot entry from WAL,,,,,
etcd-io_etcd_PR22217,pr_review,Rejected/closed-without-merge,https://github.com/etcd-io/etcd/pull/22217,[release-3.7] etcdctl: remove duplicate RaftTerm in endpoint status fields output,ground_truth,yes,no,true,,etcd-io/etcd,Go,1,XS,Rejected/closed-without-merge,Bugfix,Low,Source code,[release-3.7] etcdctl: remove duplicate RaftTerm in endpoint status fields output,,,,,
etcd-io_etcd_PR22236,pr_review,Breaking API change caught in review,https://github.com/etcd-io/etcd/pull/22236,docs: add trust consequences and disposition rules to THREAT_MODEL.md,ground_truth,yes,no,true,,etcd-io/etcd,Go,73,S,Breaking API change caught in review,Bugfix,Low,Source code,docs: add trust consequences and disposition rules to THREAT_MODEL.md,,,,,
etcd-io_etcd_PR22231,pr_review,Clean merge,https://github.com/etcd-io/etcd/pull/22231,build(deps): bump docker/login-action from 4.5.0 to 4.6.0,ground_truth,no,yes,false,,etcd-io/etcd,Go,2,XS,Clean merge,Deps,Low,Source code,build(deps): bump docker/login-action from 4.5.0 to 4.6.0,,,,,
ir-001,incident_response,single-root-cause-postmortem,https://blog.cloudflare.com/tag/postmortem/,Cloudflare postmortem candidate 01,expert_rated,yes,no,root-cause completeness vs alternate contributing factors,Select an outage writeup with clear timeline and remediation,,,,,,,,,,Cloudflare,postmortem,yes,yes,SRE peer
ir-002,incident_response,single-root-cause-postmortem,https://blog.cloudflare.com/tag/postmortem/,Cloudflare postmortem candidate 02,expert_rated,yes,no,whether stated cause fully explains observed blast radius,Prefer incidents with rollback or config change discussion,,,,,,,,,,Cloudflare,postmortem,yes,yes,SRE peer
ir-003,incident_response,multi-factor-incident,https://www.githubstatus.com/history,GitHub status incident candidate 01,expert_rated,partial,no,primary cause vs contributing systems failure,Pair status timeline with later engineering summary if available,,,,,,,,,,GitHub,status-postmortem,yes,partial,SRE peer
ir-004,incident_response,multi-factor-incident,https://www.githubstatus.com/history,GitHub status incident candidate 02,expert_rated,partial,no,timeline interpretation and missing mitigations,Good target if updates evolved over several hours,,,,,,,,,,GitHub,status-postmortem,yes,partial,SRE peer
ir-005,incident_response,single-root-cause-postmortem,https://status.cloud.google.com/summary,Google Cloud incident report candidate 01,expert_rated,yes,no,whether remediation addresses direct and latent cause,Prefer published RCA-grade incidents,,,,,,,,,,Google Cloud,incident-report,yes,yes,SRE peer
ir-006,incident_response,multi-factor-incident,https://status.cloud.google.com/summary,Google Cloud incident report candidate 02,expert_rated,yes,no,control-plane vs dependency-cascade interpretation,Useful when multiple regions/services are implicated,,,,,,,,,,Google Cloud,incident-report,yes,yes,SRE peer
ir-007,incident_response,timeline-heavy-incident,https://status.cloud.google.com/summary,Google Cloud incident report candidate 03,expert_rated,partial,no,causal chain reconstruction from chronology,Use when timeline is detailed but mitigation is thinner,,,,,,,,,,Google Cloud,incident-report,yes,partial,SRE peer
ir-008,incident_response,remediation-plan-dispute,https://aws.amazon.com/message/,AWS post-event summary candidate 01,expert_rated,partial,no,adequacy of remediation vs symptom treatment,Only keep if enough technical detail is present,,,,,,,,,,AWS,post-event-summary,yes,partial,SRE peer
ir-009,incident_response,multi-factor-incident,https://aws.amazon.com/message/,AWS post-event summary candidate 02,expert_rated,partial,no,whether incident narrative understates dependency failures,Select incidents with several status updates,,,,,,,,,,AWS,post-event-summary,yes,partial,SRE peer
ir-010,incident_response,single-root-cause-postmortem,https://stripe.com/blog/engineering,Stripe engineering incident candidate 01,expert_rated,yes,no,root-cause explanation vs operational safeguards,Good source for precise remediation language,,,,,,,,,,Stripe,engineering-writeup,yes,yes,SRE peer
ir-011,incident_response,remediation-plan-dispute,https://stripe.com/blog/engineering,Stripe engineering incident candidate 02,expert_rated,yes,no,whether follow-up actions would have prevented recurrence,Prefer incidents with explicit action items,,,,,,,,,,Stripe,engineering-writeup,yes,yes,SRE peer
ir-012,incident_response,single-root-cause-postmortem,https://www.datadoghq.com/blog/,Datadog incident writeup candidate 01,expert_rated,yes,no,scope of impact vs stated root cause,Add if writeup includes timeline and mitigations,,,,,,,,,,Datadog,incident-writeup,yes,yes,SRE peer
ir-013,incident_response,multi-factor-incident,https://grafana.com/blog/,Grafana Labs incident writeup candidate 01,expert_rated,partial,no,primary trigger vs observability blind spots,Useful for monitoring/control-plane reasoning,,,,,,,,,,Grafana Labs,incident-writeup,yes,partial,SRE peer
ir-014,incident_response,timeline-heavy-incident,https://vercel.com/changelog,Vercel incident writeup candidate 01,expert_rated,partial,no,reconstruction of operator actions and rollback timing,Include only if post-incident writeup exists,,,,,,,,,,Vercel,incident-writeup,yes,partial,SRE peer
ir-015,incident_response,multi-factor-incident,https://blog.cloudflare.com/tag/postmortem/,Cloudflare postmortem candidate 03,expert_rated,yes,no,networking trigger vs mitigation sufficiency,Choose a distinct incident class from other Cloudflare entries,,,,,,,,,,Cloudflare,postmortem,yes,yes,SRE peer
ir-016,incident_response,single-root-cause-postmortem,https://blog.cloudflare.com/tag/postmortem/,Cloudflare postmortem candidate 04,expert_rated,yes,no,whether corrective actions address monitoring and rollback gaps,Prefer public incidents with customer-facing blast radius,,,,,,,,,,Cloudflare,postmortem,yes,yes,SRE peer
ir-017,incident_response,control,https://blog.cloudflare.com/tag/postmortem/,Cloudflare low-ambiguity control candidate,expert_rated,yes,yes,false-positive pressure on apparently complete postmortem,Pick a writeup with unusually clear causal chain,,,,,,,,,,Cloudflare,postmortem,yes,yes,SRE peer
ir-018,incident_response,control,https://www.githubstatus.com/history,GitHub low-ambiguity control candidate,expert_rated,partial,yes,false-positive pressure on straightforward incident narrative,Use only if minimal ambiguity remains after reading timeline,,,,,,,,,,GitHub,status-postmortem,yes,partial,SRE peer
ir-019,incident_response,multi-factor-incident,https://status.cloud.google.com/summary,Google Cloud incident report candidate 04,expert_rated,yes,no,dependency cascade vs single-service framing,Good fit for preserved dissent,,,,,,,,,,Google Cloud,incident-report,yes,yes,SRE peer
ir-020,incident_response,remediation-plan-dispute,https://status.cloud.google.com/summary,Google Cloud incident report candidate 05,expert_rated,yes,no,whether remediation is specific enough to be decision-changing,Prefer postmortems with action-item owners if available,,,,,,,,,,Google Cloud,incident-report,yes,yes,SRE peer
ir-021,incident_response,multi-factor-incident,https://aws.amazon.com/message/,AWS post-event summary candidate 03,expert_rated,partial,no,insufficient disclosure vs enough evidence to infer cause,Good sparse-data disagreement case,,,,,,,,,,AWS,post-event-summary,yes,partial,SRE peer
ir-022,incident_response,timeline-heavy-incident,https://aws.amazon.com/message/,AWS post-event summary candidate 04,expert_rated,partial,no,timeline sufficiency for root-cause inference,Keep only if event chronology is explicit,,,,,,,,,,AWS,post-event-summary,yes,partial,SRE peer
ir-023,incident_response,single-root-cause-postmortem,https://stripe.com/blog/engineering,Stripe engineering incident candidate 03,expert_rated,yes,no,whether safeguards should have caught the failure earlier,Strong for debate over preventability,,,,,,,,,,Stripe,engineering-writeup,yes,yes,SRE peer
ir-024,incident_response,multi-factor-incident,https://www.datadoghq.com/blog/,Datadog incident writeup candidate 02,expert_rated,partial,no,technical cause vs operational amplification,Use if writeup includes several contributing factors,,,,,,,,,,Datadog,incident-writeup,yes,partial,SRE peer
ir-025,incident_response,remediation-plan-dispute,https://grafana.com/blog/,Grafana Labs incident writeup candidate 02,expert_rated,partial,no,mitigation sufficiency and observability actionability,Good for would_resolve_if scoring,,,,,,,,,,Grafana Labs,incident-writeup,yes,partial,SRE peer
ir-026,incident_response,multi-factor-incident,https://vercel.com/changelog,Vercel incident writeup candidate 02,expert_rated,partial,no,rollback timing and blast-radius containment,Prefer incidents involving gradual degradation,,,,,,,,,,Vercel,incident-writeup,yes,partial,SRE peer
ir-027,incident_response,single-root-cause-postmortem,https://sre.google/workbook/postmortem-culture/,SRE workbook external incident candidate 01,expert_rated,yes,no,causal chain vs procedural gaps,Use only if tied to a concrete public incident,,,,,,,,,,SRE community,incident-analysis,yes,yes,SRE peer
ir-028,incident_response,control,https://status.cloud.google.com/summary,Google Cloud low-ambiguity control candidate,expert_rated,yes,yes,false-positive pressure on well-documented incident,Choose a report with explicit remediation and narrow blast radius,,,,,,,,,,Google Cloud,incident-report,yes,yes,SRE peer
ir-029,incident_response,control,https://stripe.com/blog/engineering,Stripe low-ambiguity control candidate,expert_rated,yes,yes,false-positive pressure on apparently sufficient remediation,Prefer narrow and well-understood service failure,,,,,,,,,,Stripe,engineering-writeup,yes,yes,SRE peer
ir-030,incident_response,remediation-plan-dispute,https://www.githubstatus.com/history,GitHub status incident candidate 03,expert_rated,partial,no,whether proposed fixes actually resolve recurrence risk,Useful if public summary includes follow-up commitments,,,,,,,,,,GitHub,status-postmortem,yes,partial,SRE peer
cm-001,change_management,migration-plan,https://github.com/kubernetes/enhancements,Kubernetes enhancement or migration proposal 01,expert_rated,partial,no,rollback realism and prerequisite gaps,Pick KEPs with rollout/rollback sections,,,,,,,,,,Kubernetes,RFC,partial,yes,SRE peer
cm-002,change_management,migration-plan,https://github.com/kubernetes/enhancements,Kubernetes enhancement or migration proposal 02,expert_rated,partial,no,feature-gate rollout risk and observability gaps,Prefer proposals with graduation criteria,,,,,,,,,,Kubernetes,RFC,partial,yes,SRE peer
cm-003,change_management,infra-rollout-plan,https://github.com/backstage/backstage,Backstage rollout or migration discussion 01,expert_rated,partial,no,dependency sequencing and blast-radius reasoning,Use ADR/RFC/issue with explicit rollout steps,,,,,,,,,,Backstage,design-thread,partial,yes,Platform engineer
cm-004,change_management,infra-rollout-plan,https://github.com/grafana/grafana,Grafana rollout or migration discussion 01,expert_rated,partial,no,operational safety vs implementation velocity,Prefer issues/docs with staging/canary mention,,,,,,,,,,Grafana Labs,design-thread,partial,yes,Platform engineer
cm-005,change_management,feature-rollout-plan,https://github.com/vercel/next.js,Next.js rollout or compatibility proposal 01,expert_rated,partial,no,compatibility break risk and rollback triggers,Prefer proposals that touch release rollout or feature gating,,,,,,,,,,Vercel,proposal,partial,yes,Platform engineer
cm-006,change_management,migration-plan,https://github.com/rails/rails,Rails migration or upgrade proposal 01,expert_rated,partial,no,backward-compatibility and staged rollout assumptions,Select artifacts with explicit deprecation or migration path,,,,,,,,,,Rails,proposal,partial,yes,Platform engineer
cm-007,change_management,infra-rollout-plan,https://github.com/golang/go,Go release or rollout proposal 01,expert_rated,partial,no,risk controls before release or config change,Use proposals/issues with staged release discussion,,,,,,,,,,Go project,proposal,partial,yes,Platform engineer
cm-008,change_management,incident-linked-change,https://blog.cloudflare.com/tag/postmortem/,Cloudflare pre-change plan reconstructed from postmortem 01,expert_rated,yes,no,whether original change plan exposed obvious rollback gaps,Derived from postmortem plus any linked change description,,,,,,,,,,Cloudflare,reconstructed-change-packet,yes,yes,SRE peer
cm-009,change_management,incident-linked-change,https://www.githubstatus.com/history,GitHub pre-change plan reconstructed from incident 01,expert_rated,yes,no,approval recommendation vs later incident outcome,Use only if change trigger is described in public narrative,,,,,,,,,,GitHub,reconstructed-change-packet,yes,yes,SRE peer
cm-010,change_management,incident-linked-change,https://status.cloud.google.com/summary,Google Cloud pre-change plan reconstructed from incident 01,expert_rated,yes,no,blast radius underestimated vs reasonable at planning time,Derived from public incident plus any pre-change context,,,,,,,,,,Google Cloud,reconstructed-change-packet,yes,yes,SRE peer
cm-011,change_management,deployment-runbook,https://github.com/kubernetes/website,Kubernetes release/deployment runbook candidate 01,expert_rated,partial,no,operator sequencing and rollback decision criteria,Use docs with enough operational steps to debate approval,,,,,,,,,,Kubernetes,runbook,partial,yes,Platform engineer
cm-012,change_management,deployment-runbook,https://github.com/grafana/grafana,Grafana release or deployment runbook candidate 01,expert_rated,partial,no,observability guardrails and stop-ship conditions,Prefer explicit health checks,,,,,,,,,,Grafana Labs,runbook,partial,yes,Platform engineer
cm-013,change_management,feature-rollout-plan,https://github.com/backstage/backstage,Backstage feature rollout proposal 02,expert_rated,partial,no,tenant impact and configuration fallback,Select proposals with adoption-risk discussion,,,,,,,,,,Backstage,proposal,partial,yes,Platform engineer
cm-014,change_management,migration-plan,https://github.com/vercel/next.js,Next.js migration proposal 02,expert_rated,partial,no,ecosystem breakage and phased rollout safety,Prefer breaking changes with migration checklist,,,,,,,,,,Vercel,proposal,partial,yes,Platform engineer
cm-015,change_management,control,https://github.com/kubernetes/enhancements,Kubernetes low-ambiguity control proposal,expert_rated,partial,yes,false-positive pressure on apparently solid change plan,Pick a proposal with unusually complete safeguards,,,,,,,,,,Kubernetes,RFC,partial,yes,Platform engineer
cm-016,change_management,control,https://github.com/backstage/backstage,Backstage low-ambiguity control proposal,expert_rated,partial,yes,false-positive pressure on complete rollout checklist,Good control if rollback and monitoring are explicit,,,,,,,,,,Backstage,proposal,partial,yes,Platform engineer
cm-017,change_management,synthetic-cab-packet,https://blog.cloudflare.com/tag/postmortem/,Synthetic CAB packet from public incident material 01,expert_rated,yes,no,whether a structured approval packet would have caught the eventual failure,Must be clearly labeled synthetic and source-derived,,,,,,,,,,Public composite,synthetic-change-packet,yes,yes,SRE peer
cm-018,change_management,synthetic-cab-packet,https://status.cloud.google.com/summary,Synthetic CAB packet from public incident material 02,expert_rated,yes,no,rollback criteria and preconditions omitted from original public narrative,Must be clearly labeled synthetic and source-derived,,,,,,,,,,Public composite,synthetic-change-packet,yes,yes,SRE peer
cm-019,change_management,infra-rollout-plan,https://github.com/prometheus/prometheus,Prometheus rollout or migration discussion 01,expert_rated,partial,no,performance and compatibility risk under staged rollout,Prefer remote-write/storage changes,,,,,,,,,,Prometheus,design-thread,partial,yes,Platform engineer
cm-020,change_management,feature-rollout-plan,https://github.com/rails/rails,Rails rollout or deprecation proposal 02,expert_rated,partial,no,operator guidance vs real adoption risk,Useful if rollout spans versions or config flags,,,,,,,,,,Rails,proposal,partial,yes,Platform engineer
sec-001,security_incidents,patch-advisory-pair,https://github.com/advisories,GitHub advisory candidate 01,expert_rated,yes,no,mitigation sufficiency vs actual exploit preconditions,Prefer linked patch or repo context,,,,,,,,,,GitHub,advisory,partial,yes,Security engineer
sec-002,security_incidents,patch-advisory-pair,https://github.com/advisories,GitHub advisory candidate 02,expert_rated,yes,no,affected-version scope and patch completeness,Select OSS advisories with concrete fix notes,,,,,,,,,,GitHub,advisory,partial,yes,Security engineer
sec-003,security_incidents,cve-patch-pair,https://nvd.nist.gov/,CVE plus patch candidate 01,expert_rated,yes,no,exploitability severity vs realistic deployment exposure,Track linked commit or maintainer advisory,,,,,,,,,,NVD/CVE,advisory-plus-patch,partial,yes,Security engineer
sec-004,security_incidents,cve-patch-pair,https://nvd.nist.gov/,CVE plus patch candidate 02,expert_rated,yes,no,whether fix addresses root cause or just one code path,Prefer cases with follow-up patch discussion,,,,,,,,,,NVD/CVE,advisory-plus-patch,partial,yes,Security engineer
sec-005,security_incidents,oss-security-postmortem,https://kubernetes.io/blog/,Kubernetes security incident candidate 01,expert_rated,yes,no,residual exposure and rollout urgency,Pick incidents with public mitigation narrative,,,,,,,,,,Kubernetes,security-postmortem,partial,yes,Security engineer
sec-006,security_incidents,oss-security-postmortem,https://www.djangoproject.com/weblog/,Django security incident candidate 01,expert_rated,yes,no,scope of affected users and adequacy of patch guidance,Good source for framework-level exploitability,,,,,,,,,,Django,security-postmortem,partial,yes,Security engineer
sec-007,security_incidents,oss-security-postmortem,https://rubyonrails.org/,Rails security incident candidate 01,expert_rated,yes,no,patch sufficiency and backward-compatibility tradeoff,Prefer disclosed severity rationale,,,,,,,,,,Rails,security-postmortem,partial,yes,Security engineer
sec-008,security_incidents,oss-security-postmortem,https://curl.se/docs/security.html,curl security advisory candidate 01,expert_rated,yes,no,technical severity vs operational urgency,curl advisories are usually concrete and patch-linked,,,,,,,,,,curl,security-advisory,partial,yes,Security engineer
sec-009,security_incidents,vendor-disclosure,https://blog.cloudflare.com/tag/security/,Cloudflare security disclosure candidate 01,expert_rated,partial,no,whether disclosure and mitigations bound residual risk,Use only if technical detail exceeds marketing-summary level,,,,,,,,,,Cloudflare,security-disclosure,partial,yes,Security engineer
sec-010,security_incidents,vendor-disclosure,https://security.googleblog.com/,Google security disclosure candidate 01,expert_rated,partial,no,exploitability claims vs disclosed evidence,Good for sparse-but-serious disclosure cases,,,,,,,,,,Google,security-disclosure,partial,yes,Security engineer
sec-011,security_incidents,exploit-response-pair,https://blog.trailofbits.com/,Researcher writeup plus maintainer response candidate 01,expert_rated,yes,no,reported exploit path vs maintainer mitigation sufficiency,Need a paired advisory or fix response,,,,,,,,,,Researcher plus vendor,exploit-plus-response,partial,yes,Security engineer
sec-012,security_incidents,exploit-response-pair,https://projectzero.blogspot.com/,Project Zero plus maintainer response candidate 01,expert_rated,yes,no,severity disagreement and residual exploit window,Useful where vendor and researcher framing differ,,,,,,,,,,Researcher plus vendor,exploit-plus-response,partial,yes,Security engineer
sec-013,security_incidents,incomplete-disclosure,https://github.com/advisories,GitHub advisory sparse-detail candidate 03,expert_rated,partial,no,honest dissent under limited disclosure,Keep as incomplete-information test not primary signal,,,,,,,,,,GitHub,advisory,partial,yes,Security engineer
sec-014,security_incidents,incomplete-disclosure,https://nvd.nist.gov/,CVE sparse-detail candidate 03,expert_rated,partial,no,whether available patch metadata is enough to infer true risk,Good for would_resolve_if actionability,,,,,,,,,,NVD/CVE,advisory,partial,partial,Security engineer
sec-015,security_incidents,control,https://curl.se/docs/security.html,curl low-ambiguity advisory control,expert_rated,yes,yes,false-positive pressure on straightforward advisory and fix,Pick a well-bounded issue with clear affected versions,,,,,,,,,,curl,security-advisory,partial,yes,Security engineer
sec-016,security_incidents,control,https://github.com/advisories,GitHub advisory low-ambiguity control,expert_rated,yes,yes,false-positive pressure on clear patch-complete advisory,Use advisory with explicit fix and scope,,,,,,,,,,GitHub,advisory,partial,yes,Security engineer
sec-017,security_incidents,patch-advisory-pair,https://github.com/advisories,GitHub advisory candidate 04,expert_rated,yes,no,version-range interpretation and mitigation completeness,Prefer ecosystems with visible release notes,,,,,,,,,,GitHub,advisory,partial,yes,Security engineer
sec-018,security_incidents,cve-patch-pair,https://nvd.nist.gov/,CVE plus patch candidate 04,expert_rated,yes,no,one-path fix vs class-of-bug remediation,Good when multiple fixes shipped over time,,,,,,,,,,NVD/CVE,advisory-plus-patch,partial,yes,Security engineer
sec-019,security_incidents,vendor-disclosure,https://aws.amazon.com/security/security-bulletins/,AWS security bulletin candidate 01,expert_rated,partial,no,mitigation sufficiency vs deployment assumptions,Only keep bulletins with enough technical detail,,,,,,,,,,AWS,security-bulletin,partial,yes,Security engineer
sec-020,security_incidents,oss-security-postmortem,https://kubernetes.io/blog/,Kubernetes security incident candidate 02,expert_rated,yes,no,patch rollout urgency and residual cluster risk,Prefer public incidents with mitigation follow-up,,,,,,,,,,Kubernetes,security-postmortem,partial,yes,Security engineer
